0.1248804978094995	0.9996705574674363	0.0001602609336611225
0.12522829789668322	0.999973094014868	0.00016028000583104203
0.12557609798386693	0.9997203188423216	0.00016027004497452113
0.12592389853671193	0.9997716503388567	0.0001602514751899696
0.12627169815823436	1.0000057682104915	0.00016023726855664877
0.12661949777975678	0.999959449311157	0.0001602257875709749
0.12696729227900505	0.9998152741467388	0.00016020685903884738
0.12731508631259203	0.9996512288782571	0.00016019183067988104
0.12766288639977574	0.9997178957385083	0.00016019100772611254
0.12801068602129817	0.9998526038186267	0.00016019372600105738
0.12835848703980446	0.999637014992628	0.0001601749622937346
0.12870628666132689	0.9997490015770156	0.00016018073780221134
0.1290540862828493	0.9998586682228428	0.00016019455740956857
0.1294018868356943	0.9999827424582624	0.0001601927623396445
0.12974968645721674	0.9999214821256338	0.00016018498864663844
0.13009748654440045	0.9998226021462066	0.00016017506150167488
0.13044528616592288	1.0001020396174167	0.00016019719307093218
0.1307930862531066	0.999933575827782	0.00016018534990866384
0.13114087469875813	1.0000784368911297	0.00016020121961515203
0.13148867478594184	0.9997442856277426	0.00016017405996466479
0.13183647487312555	1.0000752535828903	0.00016020684786606577
0.13218427496030927	0.9998500402108219	0.00016019865320164857
0.13253207504749298	1.0001060831277964	0.00016022396971801357
0.1363578629679978	0.9998030505351774	0.000160216526982991
0.1367056630551815	1.0000570471592232	0.0001602296007078486
0.13705346314236522	0.9999497023334665	0.00016021526785567108
0.13740126276388764	1.0000783167326355	0.00016022559363354047
0.13774906331673265	1.0000422391303807	0.00016023451748438362
0.13809686340391636	0.9999292357179493	0.00016023456820906455
0.13844466349110007	1.000107379853511	0.00016025612513618373
0.1387924631126225	0.9999407433616132	0.0001602471735611635
0.1391402631998062	1.0001213842570553	0.0001602736490104987
0.13948805164545774	1.0000028453759986	0.00016026690191162397
0.13983585173264146	0.9999233185716344	0.0001602656144324308
0.14018365135416389	1.0000850717903507	0.00016028107677098545
0.1405314514413476	0.9999403978861212	0.00016029516667508473
0.1408792519941926	0.9999061641665872	0.00016068506107518073
0.14122705161571503	1.0001092902478073	0.00016168414592622045
0.14157485170289874	0.9998908415377756	0.0001617567923890026
0.14192265179008245	0.9997833097350176	0.00016156918020769875
0.14227045141160488	0.9998677715513768	0.00016208853119181518
0.1426182514987886	0.9998971139985513	0.00016159997937546352
0.1429660515859723	1.0001057801604945	0.00016058139681439628
0.14331385167315602	1.0000155187933657	0.00016034206743530314
0.14366164524108171	0.9998939296276406	0.00016034049333563572
0.14400943974032998	0.9999488492456737	0.00016031915192972905
0.14435724029317498	0.9998637818021476	0.00016029415088651369
0.1447050399146974	0.9998610853069867	0.00016030076582154644
0.14505284000188112	0.999913143007954	0.0001602960618893961
0.14540064008906484	0.9997384823746813	0.00016028505556243074
0.14574844017624855	1.000049759861966	0.00016030726448928095
0.14609623979777098	0.999991670557858	0.00016035371750121953
0.1464440394192934	0.9997155029124435	0.0001603159833366384
0.1467918399721384	0.9999183249895425	0.00016033352194236465
0.14713963959366083	1.0000239356773604	0.00016030225192200889
0.14748743968084455	0.9997676828530244	0.000160256444516287
0.14783523976802826	1.0000625338867342	0.00016025213472714673
0.14818302867934108	1.0001535522807201	0.00016024501338479164
0.1485308283008635	0.9999836007012102	0.00016022073705047575
0.14887862792238593	1.0000863008347245	0.00016021230654977446
0.14922642847523093	1.0000672759623401	0.00016020747262316117
0.14957422809675336	1.0000597913712705	0.00016021228039421454
0.14992202818393707	1.0002183139063807	0.00016018873720192962
0.1502698278054595	1.0002344790354325	0.0001601773417609535
0.1506176278926432	1.0000920003681062	0.00016015104636568113
0.15096542797982693	1.0001757156268676	0.00016015126616731852
0.15131322760134935	1.0004908335822706	0.00016018092857036356
0.15166102861985564	1.0002708294311733	0.00016016228801370882
0.15200882824137807	1.0002156919579415	0.00016015276246131286
0.1523566166870296	1.000079224360085	0.000160140638250383
0.15270441630855203	1.0000585591252955	0.00016013760991609007
0.15305221639573574	1.0001117418810717	0.00016013143921971823
0.15340001648291945	1.0001407341494952	0.0001601327798016722
0.15374781610444188	1.0000973866644567	0.0001601331421393492
0.1540956161916256	0.9998543387943766	0.00016011584756683113
0.1544434162788093	1.0000399644708307	0.00016012763183080884
0.15479121590033174	1.0000808086381894	0.00016013611991733638
0.15513901598751545	0.9999291076648611	0.00016012009626871862
0.15548681654036045	0.9998682847072057	0.0001601194336099124
0.15583461662754416	1.0003422972551443	0.00016016169390296704
0.1561824162490666	0.9998204970750022	0.00016013341123771252
0.15653021074831486	1.0003777697987244	0.0001601790951589572
0.15687800478190184	0.9999244458735932	0.0001601450997906617
0.15722580440342426	0.9998435403695319	0.00016014946431665565
0.15757360449060798	1.0000851750278668	0.00016017452577613605
0.1579214045777917	1.000007191921706	0.00016016596976961984
0.1582692046649754	1.0000404783278831	0.00016017138710746064
0.15861700428649783	0.9997897059601601	0.00016015980379514201
0.15896480437368155	0.9999623660289443	0.00016018231279577602
0.15931260446086526	0.9999767012759059	0.00016020024268082752
0.15966040454804897	0.9999255764502725	0.00016021373163169303
0.1600082046352327	0.999950031619393	0.00016021750786391503
0.1603560047224164	0.9999534850182085	0.00016022721372529794
0.16070379316806793	0.9999702828564818	0.0001602318900342777
0.16105159278959036	0.9998711255483086	0.00016022834945014945
0.16139939287677407	1.0000637661843477	0.00016025389636698987
0.1617471929639578	1.0001862196106233	0.00016027015369111066
0.1620949925854802	0.9997482613052543	0.00016023746216168826
0.16244279267266393	0.9999517243027152	0.00016026345071562265
0.16279059275984764	1.0002854342806307	0.0001602976871676807
0.16313839238137007	1.0001229261123514	0.0001602879346290528
0.16348619246855378	0.9995452178051918	0.00016029874885889692
0.1638339925557375	1.000112347466191	0.00016090566440900926
0.1641817931085825	0.9998314294060845	0.00016229824190768888
0.16452959273010492	1.000018233021574	0.0001630067782324956
0.1648773867636919	0.9998924824479707	0.00016226852723923746
0.16522518126294017	0.9998630094755313	0.0001622666964555049
0.1659207926131785	1.0001997158148612	0.0001616498092737337
0.1662685927003622	0.9998184787831813	0.0001606063323698047
0.16661639232188463	0.9998897913861757	0.0001603256816276574
0.16696419240906835	0.9998940883746389	0.00016034883925680572
0.16731199203059077	0.9999996200825244	0.0001603485067753804
0.16765979258343577	1.000009616703926	0.00016034818544765657
0.1680075922049582	0.9999133665103839	0.00016034708577379042
0.16835539182648063	0.999719695495866	0.00016033286618278244
0.16870319191366434	0.9999120474391495	0.00016034856478397053
0.16905099246650934	0.999939433672966	0.0001603491740327555
0.16939878091216087	0.9999372014068291	0.00016034691695452719
0.1697465805336833	1.0000585771379298	0.000160363044778418
0.1700943810865283	1.0000452146535153	0.00016036425249170446
0.17044218070805073	1.0001700040402706	0.00016037425779205527
0.17078998079523444	0.9999820806587205	0.0001603604789357479
0.17113778041675687	1.0000890791236667	0.00016035993330400217
0.17148558050394058	1.0000648504787695	0.0001603545179121767
0.1718333805911243	1.0001786359263716	0.00016049623076683174
0.17218118021264672	1.0001605469109027	0.00016037849616782425
0.17252898029983044	0.9999717624423138	0.0001603250850423448
0.17287678038701415	0.9999904338699991	0.0001603119962766943
0.17322457442060113	1.0001890088793453	0.00016032324223970657
0.1735723684541881	1.0000021785549522	0.00016030561826984086
0.17392016854137182	1.0001580837647115	0.00016031611207791794
0.17426796909421682	1.0000327761641274	0.0001603043643141221
0.17461576871573925	0.9998408894765896	0.00016029462256368033
0.17496356880292296	0.99984946891185	0.00016029619094026827
0.17531136889010668	1.0001811533165135	0.00016032949095340658
0.1756591685116291	1.000102705501645	0.00016032121177374323
0.17600696859881282	0.9999633828736452	0.00016030736738307274
0.17635476868599653	1.0000633959025726	0.00016031166009177034
0.17670256877318025	1.000003893032547	0.0001603062847332088
0.17705036839470267	1.000066325517897	0.00016032751822664143
0.1773981684818864	0.9998731219184026	0.00016031937046823069
0.17774595692753792	0.9999496917108931	0.00016032679250648947
0.17809375654906034	1.0000171246213998	0.00016033693559643446
0.17844155663624406	0.9996720662222418	0.0001603138021708782
0.17878935672342777	0.9996395053333792	0.00016034154484878243
0.1791371568106115	1.0000559348899463	0.00016035710772449956
0.1794849564321339	1.0000954462197045	0.00016036682820294432
0.17983275651931763	0.999875406172705	0.00016034146412846975
0.18018055707216263	1.0001741183570803	0.00016035588550302154
0.18052835669368505	0.9998398272648382	0.0001603327805103212
0.18087615678086877	0.9998961195819261	0.00016033075448546242
0.18122395686805248	1.0000007284616734	0.0001603379078701261
0.18157175090163946	0.9999640540063354	0.00016032776970422482
0.1819195505231619	1.0000357829247226	0.00016033471269734766
0.18226734502241015	0.9998354396066859	0.000160326291229973
0.18261514510959387	0.999645217294903	0.00016032464260436817
0.1829629447311163	0.9996303706231373	0.0001603208165597897
0.1833107448183	0.9996039621198343	0.00016033271765905047
0.18365854490548372	0.9999401684850031	0.00016036137376269273
0.18400634452700615	0.9995237371292828	0.000160325968931025
0.18435414461418986	0.9996984360443456	0.00016033875382627004
0.18470194470137358	0.9996896920731667	0.00016033516689532626
0.1850497447885573	0.9999359758297656	0.0001604571109127824
0.18539754441007972	0.9998914408522039	0.00016119987607975098
0.18574534403160214	1.000331655363881	0.00016334295472740406
0.18609313294291496	1.0001343724890328	0.0001644774461629661
0.1864409325644374	1.000485831551215	0.00016420849034070326
0.1867887331172824	1.0003157194534085	0.0001639837315510468
0.18713653273880482	0.9999439618601275	0.00016447533560430381
0.18748433329164982	1.0003193948349343	0.0001618558397422867
0.18783213291317225	1.0003092175659263	0.00016064058810684857
0.18817993253469467	1.0000984923368064	0.00016036261066709894
0.18852773308753967	0.9997999899788086	0.00016034578589817995
0.1888755327090621	1.0002628996796523	0.0001603610312580594
0.1892233327962458	1.0002236000264142	0.00016036685270834648
0.18957113241776824	0.9999518258022367	0.0001603528585465224
0.18991893250495195	1.000010714660144	0.0001603684039935041
0.19026672653853893	0.9997798166033646	0.0001603607832263275
0.1906145205721259	0.9999521933795972	0.0001603954767314777
0.19096232065930963	1.0002761955397217	0.0001605034237887912
0.19131012074649334	0.9998731639636168	0.00016054142998906523
0.19165792083367705	1.0000430261086612	0.00016041759381168214
0.19200572045519948	1.0000811453520044	0.0001603472739845261
0.1923535205423832	1.0000246506449	0.00016031434547783134
0.1927013206295669	1.0001371688585905	0.0001603082034122714
0.19304912025108933	1.0000960745236926	0.00016029268209676912
0.19339692033827305	1.0000014833824473	0.00016026929816159187
0.19374472042545676	1.0000692457715892	0.0001602875610360236
0.1940925200469792	1.0001697211628702	0.00016027505998374405
0.19444031408056617	1.0000640114672623	0.00016024143770054994
0.19478810857981443	1.0004474054756693	0.00016025619483656374
0.19513590913265944	1.00021457994163	0.00016022695826128181
0.19548370875418186	1.00031076438579	0.00016023514224832388
0.19583150884136558	1.0000650598170875	0.00016021767840609038
0.1961793089285493	1.0002713879188834	0.0001602288338852564
0.19652710855007172	1.000193207298793	0.0001602079820715318
0.19687490863725543	1.0003867544863503	0.0001602257181954244
0.19722270872443914	1.0002762936028669	0.00016021515032082738
0.19757050881162286	0.9999185382911985	0.00016018522498489288
0.19791830843314528	1.000237398961322	0.0001602101278100899
0.198266108520329	1.000223702611492	0.00016020017823619928
0.1986139086075127	1.000305166926375	0.00016020624586455122
0.20661328407004476	0.9998411239924555	0.00016022625054402356
0.20696108462288976	1.0001523201422118	0.00016025612748145994
0.2073088730685413	1.0000813552924896	0.0001602509288101365
0.20765667269006371	1.0004704501340798	0.00016029042887097286
0.20800447231158614	1.0001366877594478	0.0001602644042455314
0.20835227286443114	1.0001369827461475	0.00016026553672279068
0.20870007248595357	1.000227021031431	0.0001603099924612409
0.20904787257313728	0.9997941894156525	0.00016068547939714184
0.2093956721946597	1.0000845559779623	0.00016166700538832192
0.20974347228184342	1.000071004779765	0.00016166803875818385
0.21009127236902714	0.9999595993461914	0.00016150647823322094
0.21043907199054956	1.0003251874220802	0.00016210512460230765
0.21078687254339457	1.0000471144190244	0.00016134877337535742
0.211134672164917	1.0002765542470233	0.0001604641279483367
0.21148246619850397	1.0002531175074558	0.00016032032379996745
0.21183026023209095	1.0000756918043903	0.00016031414951641221
0.21217806031927466	0.9999258809635175	0.00016029079684455434
0.21252586040645838	1.000079912424262	0.0001603069407376655
0.2128736600279808	1.0000688987614905	0.00016030336943226105
0.21322146011516452	1.0001694308006286	0.00016032010428855016
0.21356926020234823	0.9999928881265995	0.00016031113581281616
0.21391705982387066	1.0000382180468537	0.00016031918543042242
0.21426485991105437	1.0000620381905718	0.0001603259499337511
0.2146126599982381	1.0000595854437222	0.0001603347608195559
0.2149604600854218	1.0001888642127044	0.00016034863187959183
0.21530825970694423	1.0000417146251297	0.00016031120698702258
0.2156560542061925	1.000252845356663	0.00016029822300655833
0.21600384823977947	1.0000943642263134	0.00016027017803994526
0.2163516478613019	1.0003943567032112	0.00016028201147415098
0.2166994479484856	1.0002025861408161	0.00016024785325183868
0.21704724803566933	1.0001876917032806	0.00016024180730273637
0.21739504812285304	0.9998138611100993	0.00016020325168445394
0.21774284774437547	1.0000867039060446	0.0001602232742499579
0.21809064783155918	1.0002017304300026	0.0001602031713902167
0.2184384479187429	1.0000689819375939	0.00016017559771558474
0.21878624754026532	0.9999817778133114	0.00016015613050497746
0.21913404762744904	1.0001796561402874	0.00016016216010085487
0.21948184771463275	1.0001077386805566	0.00016015345236276715
0.21982964733615518	1.000470247510874	0.00016018468524932339
0.2201774357818067	1.0001944691012645	0.00016015912305085672
0.22052523586899042	1.0000474754365067	0.00016013879176237893
0.22087303595617414	1.0000224749327635	0.0001601392015916157
0.22122083557769656	0.9998980734372805	0.00016013034193459183
0.22156863566488028	1.000114038203044	0.00016014048547113727
0.221916435752064	1.0000916983392822	0.00016012666859587497
0.22226423537358642	1.000185902675529	0.0001601422626631015
0.22261203546077013	1.0001725350656592	0.00016014360823713542
0.22295983554795384	1.0001329587522965	0.00016013936867055294
0.22330763563513756	0.9999833784050847	0.00016013256854915413
0.22365544084459543	1.0000635362763441	0.00016014041685369454
0.22400324698537588	1.0001845652322177	0.00016015109457608945
0.22435104101896286	1.0001830843165733	0.00016016011286583694
0.22469883505254984	1.0004196359965083	0.0001601768942583273
0.22504663513973355	1.0001441781179845	0.00016016627847980974
0.22539443522691727	0.9999704400345126	0.0001601516081868139
0.2257422348484397	1.0001447955855096	0.0001601730427281464
0.2260900349356234	1.0003988613007984	0.00016020259714496406
0.22643783455714583	1.000137644522026	0.00016017844500749933
0.22678563510999084	0.9999815561008158	0.00016017228725562568
0.22713343473151326	1.0000806153983834	0.00016018616053565312
0.2274812343530357	1.000034930895302	0.00016019477476035223
0.2278290349058807	1.0000831783655277	0.00016021886136145217
0.22817683452740312	1.0000348300317183	0.00016022728977513895
0.2285246285609901	1.0002690168296127	0.0001602531608508082
0.22887242259457707	1.0004894546665866	0.00016027273176510843
0.22922022314742208	0.9999677897251561	0.00016023825831235834
0.2295680227689445	1.000271197712817	0.00016027039934353945
0.22991582285612822	1.0001422985684614	0.00016026596301441464
0.23026362247765064	1.0002062779367422	0.00016027480836571366
0.23061142256483436	1.0000341946869908	0.00016026415284374593
0.23095922265201807	1.0000259099692053	0.00016026934448186485
0.2313070222735405	1.0002562423242656	0.00016029809495419296
0.2316548228263855	1.0001571299170828	0.00016035428298348634
0.23200262244790792	0.9999844708325001	0.0001609379439919553
0.23235042206943035	1.000096290531219	0.00016239510357724936
0.23269822215661407	1.0004471349429798	0.00016297024297819482
0.2330460106022656	1.0002422148258114	0.00016219457940325988
0.2333938106894493	0.999969967855778	0.00016237745232967736
0.23374161031097174	1.0003879985377073	0.00016314831547281465
0.23408941039815545	1.0002491527685526	0.00016148268675931257
0.2347850101068616	1.0000454253856847	0.0001603322392131841
0.2351328101940453	1.0001151767432872	0.00016035988413294237
0.23548061028122902	0.9997322470072484	0.0001603159362843853
0.23582841036841273	1.0002248678161165	0.00016037559687369748
0.23617620998993516	1.0000337621162247	0.0001603587421283249
0.23652401007711887	1.000063839618131	0.0001603576712604043
0.2368718101643026	1.0001380112603797	0.00016036986998470905
0.23721959814429283	0.9999771652536987	0.00016035223731796815
0.23756739823147655	1.000041719430888	0.00016035610648608783
0.23791519831866026	0.9999601203607864	0.00016034726005599703
0.23826299840584397	0.9999930809702198	0.00016035350860182942
0.2386107980273664	0.9997013364915374	0.00016033316911431044
0.2389585981145501	0.9997568724988081	0.00016033160525732169
0.23930639820173383	1.0002855849828445	0.00016037729285428546
0.23965419782325625	1.0000885089241807	0.0001603612420911904
0.24000199791043997	1.0001212508144264	0.00016049090982280288
0.24034979799762368	0.9999813547421758	0.00016033575801243266
0.2406975976191461	1.000028818953097	0.00016032169390661367
0.24104539770632982	1.0001304809547171	0.0001603231037917219
0.2413931917399168	0.999778290693036	0.0001602876281245761
0.24174098623916507	0.9998611947300184	0.00016029060065435584
0.2420887858606875	1.000048715068442	0.00016030255029715807
0.2424365859478712	0.9999753445163745	0.00016029544002078107
0.24278438603505492	0.9997442954998887	0.0001602742618946656
0.24313218519091606	0.9996883832900779	0.0001602714972327694
0.24347998527809978	1.0000130075981386	0.0001603076135181127
0.2438277853652835	1.0000110278611638	0.00016030487788344544
0.2441755854524672	0.9998978516416718	0.00016029371823282629
0.24452338507398963	0.9998110216399118	0.0001602900975837826
0.24487118469551206	1.000235563943931	0.0001603225573878161
0.24521898524835706	0.9997960678581326	0.0001602880269387614
0.24556678486987948	0.9998927407821628	0.00016030314481984732
0.24591457331553102	0.9998947630544102	0.00016031398589483954
0.24626237293705344	0.9997831736360931	0.00016030797327014923
0.24661017348989844	0.9998712109643103	0.0001603299919265367
0.24695797311142087	0.999757851667929	0.00016032525829816837
0.2473057727329433	1.0001693485097174	0.00016036985739863594
0.2476535732857883	0.9998811987518963	0.00016034310733985182
0.24800137290731072	0.9998368180277186	0.00016033892539687726
0.24834917299449444	0.9997496731679891	0.00016032908535031727
0.24869697261601686	0.9997415046677663	0.00016031746840659518
0.24904477270320058	0.999996793442744	0.00016034093340559007
0.2493925727903843	0.9998809550462346	0.00016032365293446846
0.24974037241190672	0.9998535702768588	0.0001603140040436004
0.25008816085755825	0.9996505603364344	0.00016030868197850477
0.25043596094474196	1.000063240995808	0.0001603235986007413
0.2507837610319257	0.9998937029826783	0.00016031330971941587
0.2511315606534481	0.9996787576591499	0.000160318831035071
0.2514793607406318	0.9994524254829679	0.0001603025396060688
0.25182716082781553	0.9997363477327195	0.00016032885263057476
0.25217496044933796	0.9994113663801846	0.00016030462982893301
0.2525227605365217	0.9994145602230926	0.00016030077866805538
0.2528705606237054	0.9994822519759776	0.00016030792709026043
0.2532183602452278	0.9993904249108053	0.00016039841488368746
0.2535661603324115	0.9995665883451326	0.0001611807063328856
0.25391396041959524	1.0001571401642906	0.0001633347931956534
0.2542617544531822	1.0001144930632628	0.00016433926206479527
0.2546095484867692	1.0003322449512833	0.00016402293069197444
0.2549573481082916	1.0003483957454302	0.00016391746581750878
0.25530514819547534	0.9996336457248602	0.0001641345164371426
0.25565294828265905	0.999872202100272	0.00016159052247433084
0.2560007479041815	0.9998482971159368	0.00016052303738562653
0.2563485479913652	0.9999844719546954	0.00016034860097771062
0.2566963480785489	0.9999143656277485	0.0001603356810851996
0.25704414770007133	0.9998000103899622	0.00016030626775236128
0.25739194778725505	0.9997758603017382	0.00016031889319339265
0.25773974787443876	0.9997912695453274	0.0001603268686522404
0.2580875474959612	0.999784878121673	0.00016033282165068774
0.2584353475831449	0.9998356474533725	0.00016035741964500952
0.25878313602879643	0.999842230267407	0.0001603772579362908
0.25913093611598015	0.9998378769291524	0.0001604477264855191
0.2594787357375026	0.9998684241839344	0.00016051936958789533
0.2598265358246863	0.99975840151193	0.0001603863093628731
0.26017433591187	0.9997516093784692	0.00016030255683756705
0.26052213553339243	1.0000936028085894	0.00016030749396164364
0.26086993562057614	0.9998995847171892	0.00016027240557668155
0.26121773570775986	0.9998550361168633	0.00016025463125755594
0.26156553579494357	0.9997400506739955	0.00016024440364201915
0.261913335416466	0.9995438494384232	0.00016022855350605495
0.2622611355036497	0.9999339568322669	0.00016023485481374373
0.2626089355908334	0.999985742158903	0.00016021859064166676
0.26295672357082367	0.999988133837124	0.0001602107726326555
0.2633045231923461	0.9998261161322084	0.00016018251805708427
0.2636523232795298	0.9996793422411195	0.00016016349438359548
0.2640001233667135	1.0000062233740215	0.0001601899304065809
0.26434792298823595	0.9999913379275444	0.00016018281677272585
0.2772164852358401	1.0000980349497293	0.00016068206141271936
0.2775642853230238	0.9996263236579573	0.0001615472282106159
0.2779120849445462	1.0000535911630866	0.00016152493843772295
0.27825988503172994	0.999892510190038	0.0001613943746637946
0.27860768511891365	0.9999604530442232	0.00016195308391869792
0.2789554847404361	0.9999646711891051	0.00016109026031411056
0.2793032848276198	0.9998089170529272	0.00016033903814138982
0.2796510849148035	0.9998739756057985	0.0001602651869221638
0.2799988789483905	1.0000466162810537	0.00016029118471717224
0.28034667298197746	1.000028668030138	0.00016027450776447542
0.2806944730691612	1.0001023968032374	0.00016029391340591394
0.2810422726906836	0.9997244687994101	0.00016027061058540232
0.28139007836580276	0.9999202877500746	0.00016028891945508474
0.2817378840409219	0.999544556721946	0.00016027572387822836
0.28243348374962807	0.9997776858433212	0.00016029485420507536
0.2827812838368118	0.9999750986729166	0.00016032513416475738
0.2831290839239955	0.9999339243262985	0.00016032301978161371
0.2834768840111792	1.000028526624415	0.00016031360028105943
0.28382468363270164	0.9997991015523547	0.00016028178386427
0.2841724776662886	1.000002607187745	0.00016027293007108093
0.2845202721655369	0.9997051969412682	0.00016022550098509483
0.2848680722527206	1.000053299729374	0.00016024758580637582
0.285215871874243	0.9997961097529189	0.00016020983017261812
0.28556367149576545	0.9998827733893926	0.00016021585107708512
0.28591147158294916	0.9999522725419179	0.00016022484399004223
0.2862592712044716	0.9999538281553081	0.0001601948346418816
0.2866070712916553	0.9999396949894559	0.00016018103664896697
0.286954871378839	0.9998204184863251	0.00016016317103004175
0.28730267100036144	0.99973287900136	0.00016014696579323118
0.28765047108754516	0.9996772992570169	0.00016013173991669135
0.2879982707090676	0.9999783724757308	0.00016014140548018741
0.2883460712619126	0.9997097433679215	0.00016010594950513225
0.2886938648298383	0.9999243518049851	0.00016014090314420438
0.28904165932908654	0.9999762027766423	0.00016013621256055416
0.28938945941627026	1.0000061140843663	0.00016013421600234877
0.2897372590377927	0.9997615011187709	0.0001601116697252008
0.2900850591249764	1.0000186159329136	0.0001601298737038156
0.29043285828083754	0.999774170732727	0.00016010155429410232
0.29078065883368254	1.0000762846235958	0.0001601246960058164
0.29112845845520496	1.0000569146119123	0.00016012810315446546
0.2914762580767274	0.9999373601685163	0.0001601263232209466
0.2918240581639111	0.9997189045576591	0.00016011023229543268
0.2921718582510948	1.0000110463178689	0.00016014220466481062
0.29251965833827853	0.9999092903470256	0.00016013006011107725
0.2928674519062042	0.9998485265336459	0.00016012641935205267
0.2932152468711138	0.999771000785884	0.0001601249574125086
0.2935630464926362	1.0001114804168503	0.0001601575915807595
0.29391084611415863	0.9996892086935174	0.0001601277194993353
0.29425864620134234	1.0000499384846337	0.00016015698462520383
0.29460644582286477	0.9999830722005951	0.00016016435174376074
0.2949542459100485	0.9998768532320045	0.0001601613833853449
0.2953020455315709	0.9998096605057355	0.00016015834974125154
0.2956498456187546	0.9998451692613372	0.00016017201092076504
0.29599764570593834	0.999913928218449	0.00016019248972120882
0.29634544532746077	0.9999554595275014	0.00016020462416417746
0.2966932454146445	1.0001164593813	0.00016022939246890385
0.2970410455018282	1.0001000674853049	0.00016023786397609447
0.2973888339474797	1.0000496636678573	0.0001602343444695991
0.29773663356900215	1.000076009762093	0.00016024238471610926
0.29808443365618587	0.9997937395012355	0.00016022382461469586
0.2984322332777083	0.9997533694408206	0.00016022823147570685
0.2987800328992307	0.9998053948799687	0.00016024152735129237
0.29912783298641443	0.9998099078043259	0.00016024536078772575
0.29947563307359815	0.999973152581803	0.00016026423014543154
0.2998234326951206	1.0002713196905924	0.0001603479264374159
0.3001712327823043	0.9998975424058176	0.00016090508389517242
0.300519032869488	0.9997924200034285	0.00016233014307952915
0.3008668329566717	1.0003561587141994	0.00016285767133662773
0.30121463257819414	1.0001840391321732	0.00016205515224632604
0.30156243266537786	0.999871457189	0.0001623635398880334
0.3019102211110294	0.9998414172157074	0.00016285899124559702
0.3022580202668905	0.9998808156072768	0.00016126027293663844
0.30260582035407424	0.9999565332709183	0.00016045801057591383
0.30295362044125795	0.9999387257143638	0.00016031553550418758
0.30330142052844167	0.9997980113754371	0.0001603178285893115
0.3036492201499641	0.9999751008858263	0.00016032443965192778
0.3039970197714865	0.999852869722769	0.00016032494252959917
0.3043448203243315	0.9997113645835232	0.0001603220849729049
0.30469261994585395	0.9998163041525948	0.00016033407008157248
0.30504042003303766	0.9998142499453075	0.0001603293329834196
0.3053882201202214	1.0000967311223354	0.00016035288158728435
0.3057360192760825	1.0000742562852394	0.00016035284103514647
0.30608380772173405	0.9999803252955675	0.00016034764841986972
0.3064316073432565	0.9998250231554126	0.00016032693385757674
0.3067794078961015	0.999876108167444	0.00016032963457075612
0.3071272075176239	0.9998512137354152	0.00016033202469232559
0.3074750076048076	0.9998204425261656	0.0001603202274574937
0.30782280769199133	0.999903999937092	0.00016033386902882627
0.30817060731351376	0.9998150473555579	0.00016045100726847327
0.30851840740069747	0.9998572390666378	0.00016031218911068278
0.3088662070222199	0.999895069988518	0.0001602902439137807
0.3092140071094036	0.999509267872336	0.00016025507082071712
0.30956180673092604	0.9998215051252244	0.00016027962252096402
0.30990960635244846	1.0000248905160687	0.0001602954228589224
0.31025740085169673	1.0000043301667902	0.00016028982901043995
0.3106051948852837	1.0000582837909469	0.00016029397621350298
0.3109529949724674	0.9998916840271912	0.00016027734440515125
0.31130079459398985	1.0000350794589428	0.0001602887585513237
0.31164859514683485	0.9996634428390248	0.00016026031654468536
0.3119963947683573	0.9999547696749849	0.0001602844073732143
0.3123441939242184	0.9998680890673164	0.00016027898890926518
0.31269199401140213	1.0000548078163078	0.00016030162847932033
0.31303979409858584	1.000089253073789	0.00016029850258257968
0.31338759418576956	1.0000390903980212	0.00016029305995248272
0.313735393807292	0.999569564749236	0.00016025145724811392
0.3140831938944757	0.9996394353070057	0.00016025708013153085
0.3144309939816594	1.0001854574154967	0.00016032174401836352
0.3147787880152464	1.0001781423544025	0.0001603342794700411
0.31512658204883337	1.0000820386760712	0.00016033397364281738
0.3154743816703558	1.000146864705649	0.00016034419990529903
0.3158221817575395	1.0002611055676602	0.00016035379163489177
0.31616998137906194	1.000220664504183	0.000160356203606233
0.31651778146624565	0.9999739456746461	0.00016033219191630398
0.31686558155342937	1.0000670488807641	0.00016034377823047618
0.3172133811749518	1.0001814279692118	0.00016034133017084652
0.3175611812621355	1.000032817688439	0.00016032237789761886
0.3179089813493192	1.0002839797202052	0.00016034435830627973
0.31825678143650293	1.0001427729200976	0.0001603274976997805
0.3186045805923641	1.0001672269859505	0.00016032814706063765
0.3193001691251993	1.000091082239534	0.0001603139159083171
0.31964796874672174	0.9999837844806024	0.00016031270553681817
0.31999576883390546	0.9998346366026791	0.00016031756687810353
0.3203435689210892	0.9999979467358632	0.00016032490602612635
0.3206913690082729	1.0000023603081405	0.00016033536834881806
0.3210391686297953	0.9996959187332372	0.00016031357778994117
0.321386968716979	0.9998253751312053	0.00016039702840865933
0.32173476833850145	1.000207886238035	0.00016114362152310158
0.3220825679600239	1.0000901723875266	0.00016316443625521084
0.3224303680472076	1.000277667519733	0.00016411802893362185
0.3227781681343913	1.0001312338596977	0.00016376758630976576
0.32312596775591373	1.0005277585990973	0.00016376702714320307
0.3234737617895007	1.0000394182321481	0.00016379850184453985
0.323821556288749	1.0004504722828438	0.00016144752034144062
0.3241693563759327	0.9999849184296697	0.0001604655444925586
0.32451715553179383	1.0000102931518207	0.00016032994110501734
0.32486495561897755	0.9998346038404364	0.00016031007866333554
0.32521275570616126	0.9999684886265295	0.0001603028845403272
0.3255605553276837	1.0000216705430565	0.00016031825611479255
0.3259083554148674	0.999752906218611	0.00016030268891676166
0.3262561550363898	1.0001131831249284	0.0001603469151618226
0.32660395558923483	0.9997647308842197	0.00016032792576034716
0.32695175521075726	1.000172708005961	0.00016038037200738348
0.3272995543666184	1.000105126891962	0.0001604417526232921
0.32764734886586666	0.999929083945416	0.00016048163940205902
0.32799514289945364	0.999854968179063	0.00016035076603733314
0.32834294298663735	0.9998411299248645	0.00016029544117450957
0.3286907426081598	0.9998816813516821	0.00016026784804897497
0.3290385431610048	1.0000286137883228	0.00016026139233126362
0.3293863427825272	0.9998419322788651	0.00016023622107524076
0.32973414240404963	0.9999223494050127	0.00016024076236197552
0.33008194249123335	1.0002113315747325	0.000160268019767497
0.3304297421127558	0.9999793955261522	0.00016022669697565234
0.3307775421999395	1.000145768633688	0.00016020890763749365
0.3311253418214619	0.9999692222997122	0.0001601905378728227
0.33147314190864563	1.0000545278881847	0.00016018765921309517
0.33182094199582934	0.9999098395736709	0.0001601697836780622
0.3321687360294163	0.9996890913998511	0.00016014670575120152
0.332516529597342	0.9998219886551101	0.00016015085826808165
0.33286432968452573	1.0000085784652915	0.00016017014820550639
0.33321212977170944	1.000350543189092	0.00016019762225070287
0.3460807022638619	0.9999977143264968	0.0001613674841890062
0.3464285018853843	1.0000209057286786	0.00016124609921585424
0.34677630197256804	1.0002437191392157	0.00016176748630354992
0.34712410159409046	1.000008206352427	0.0001608542342500136
0.3474719016812742	1.0001530985041576	0.00016028858528972112
0.3478197013027966	1.0000746128119593	0.00016025148799835544
0.34816750092431903	1.0004541067102328	0.00016028847262580893
0.34851530147716403	1.0001009376840932	0.00016025107753490708
0.34886310109868646	1.0003306668379481	0.0001602829155188067
0.34921090118587017	1.0003481185811747	0.0001602840130653365
0.3495587003417313	1.0001025488758948	0.00016026571542182498
0.34990648925304413	1.0000720925405686	0.00016026890649262825
0.35025428887456656	1.0003318130539405	0.00016029922736560394
0.350602088496089	1.000159818494491	0.00016031577108541482
0.350949889048934	1.000058828734864	0.0001603378640802205
0.3512976886704564	1.0002453131629334	0.00016036965294387415
0.3516454887576401	1.0002398586518348	0.000160343228366557
0.35199328791350126	1.000156682474895	0.00016031643341008958
0.352341088000685	1.0003911726043477	0.00016031048673364323
0.3526888880878687	1.0002429885838096	0.00016027934220614646
0.3530366877093911	1.00009402268365	0.00016024565912975522
0.35338448779657483	1.0003207945639963	0.00016024481470618444
0.35373228788375854	1.0001906324048375	0.0001602396817440722
0.3540800758637488	1.0001225143453047	0.00016021908633961888
0.3544278754852712	0.9999735267459249	0.00016019371500553787
0.35477567557245493	1.000227894886077	0.00016019785149642084
0.35512347565963864	1.000012389202657	0.0001601790564256141
0.35547127528116107	0.9999530237332932	0.00016017761761650143
0.3558190753683448	1.0002666868573342	0.0001602039922929817
0.3561668749898672	1.0001429841682177	0.00016018175474092432
0.35651467461138964	0.9999541632632456	0.00016015621963241873
0.35686247469857335	1.0000791889463978	0.00016015612525175133
0.35721027478575706	1.000104363390142	0.00016015276893187335
0.3575580748729408	0.9997311828959483	0.00016012149489676733
0.3579058744944632	0.9997755271216512	0.00016010673120744485
0.35825367411598563	0.9999539094561842	0.000160121190460776
0.35860146256163716	0.9997355786460246	0.0001601068875781006
0.3589492621831596	0.9999625093394091	0.0001601246075355459
0.3592970622703433	0.9994045926156099	0.0001600736406631595
0.359644862357527	0.9999417218419779	0.00016012588251719257
0.35999266244471073	0.9994327234728069	0.00016009036460483322
0.36034046160057187	0.9996319246626693	0.00016010418820435523
0.3606882616877556	0.9997898571652403	0.00016012294862238768
0.3610360617749393	0.9998041170015897	0.0001601209517558713
0.3613838613964617	0.9995861462983576	0.0001601002929827269
0.36173166148364544	0.9993750505177651	0.00016008893966196894
0.36207946157082915	0.9992776152692912	0.00016007983949488223
0.3624272607266903	0.9995676728480617	0.00016011549184489455
0.36277505476027727	0.9992379765766458	0.00016008857274241381
0.36312284925952554	0.9991758757883138	0.00016009043232218607
0.36347064934670925	0.9990534720268293	0.00016009556376429812
0.3638184489682317	0.9991562850388633	0.00016010662633829682
0.3641662490554154	0.9991263190821923	0.0001601147015629863
0.3645140486769378	0.9991684813615822	0.00016012769905071465
0.36486184829846025	0.9988145568383112	0.00016010903419071178
0.36520964838564396	0.9988825867303579	0.0001601269664242237
0.3655574480071664	0.9988073616732506	0.00016013045928785284
0.3659052485600114	0.9987753028863836	0.0001601307099723402
0.3662530481815338	0.9985764805707646	0.00016011947433184563
0.36660084733739495	0.9986769908852857	0.00016013682387451447
0.36694864789023995	0.9988459250606607	0.00016015508176138124
0.3672964358702302	0.998800070040897	0.0001601564950660309
0.3676442359574139	0.9989079037010752	0.00016017004580663228
0.36799203557893634	0.9986501500948511	0.00016018945270679727
0.36833983613178134	0.9987899576639179	0.0001607189287465314
0.3686876352876425	0.9984995970240274	0.00016209097094881708
0.3690354349091649	0.9987101041639525	0.00016258238932235204
0.3693832354620099	0.998898464025177	0.0001617743316820285
0.36973103508353233	0.9986725550699793	0.00016215999281294757
0.37007883517071605	0.9985797180890518	0.00016246374542188107
0.3704266343265772	0.9984907805912443	0.00016095942422185024
0.3707744344137609	0.9983589492056902	0.00016026249308616515
0.3711222345009446	0.9982698355553318	0.0001601738941378168
0.37147003412246704	0.9984063159016303	0.00016019597245791323
0.37181782256811857	0.9986864367632552	0.00016020697245083408
0.3721656226553023	0.9982780474227101	0.00016018424357571302
0.3725134222768247	0.9983223424219211	0.00016018916610919577
0.37286122189834714	0.9984914956414813	0.00016020868551451344
0.37320902245119214	0.998506380200487	0.00016022118186864782
0.37355682207271457	0.9985016631172986	0.00016021639934324142
0.373904621694237	0.9983881882298558	0.0001602013027085622
0.3742524213157594	0.9985296574121262	0.00016021620721383753
0.37460022140294313	0.9982330311315545	0.0001601893100998562
0.37494802149012685	0.998224664525866	0.00016018105085393414
0.3752958211116493	0.9985812577669905	0.00016019936890512187
0.375643621198833	0.9982417460230819	0.0001601722606823672
0.37599141523241997	0.9983706672459695	0.00016018601411150029
0.37633920880034566	0.9985456889100154	0.00016031013680872815
0.3766870088875294	0.9981223250156454	0.0001601622780558391
0.3770348089747131	0.9983514723301058	0.00016015754861276694
0.3773826090618968	0.9984058951693447	0.0001601497664681243
0.3777304086834192	0.9982527770482632	0.00016013133566338873
0.37807820830494165	0.9985270107699927	0.0001601593797666994
0.37842600839212537	0.9983461069534889	0.00016014510708396715
0.3787738080136478	0.9983721323173839	0.0001601457844586234
0.3791216081008315	0.99820781672127	0.00016012985110097888
0.3794694081880152	0.9982134326820464	0.0001601283635933564
0.37981720734387636	0.998201928439731	0.00016012637946222243
0.3801650074310601	0.9984394296294131	0.00016014314148397256
0.38051280193030834	0.998643249113461	0.0001601594659865398
0.3808605959638953	0.99827309719036	0.00016013961313953676
0.38120839558541775	0.9983374903596408	0.00016014021644584475
0.3815561952069402	0.9982743639001344	0.0001601345776687198
0.3819039952941239	0.9984277660062998	0.00016014517403266926
0.3822517949156463	0.9980327748529452	0.0001601127999346248
0.38259959500283003	0.9984263545926703	0.00016014685867287963
0.38294739509001374	0.9984146336557391	0.00016015683887193175
0.38329519471153617	0.9980982523491991	0.00016015362828130023
0.3836429943330586	0.9982904629253363	0.0001601746125202723
0.3839907944202423	0.9982900714968053	0.00016018253974569283
0.384338594507426	0.9978758909997513	0.0001601650288817166
0.38468639412894845	0.9981121237847427	0.00016016871096106742
0.38503418769687414	0.9984288414930402	0.00016019348743957632
0.3853819821961224	0.9982290582349536	0.00016017217797765452
0.3857297822833061	0.9981960091634096	0.00016016941805565562
0.38607758190482855	0.9977892514687935	0.00016012498020002609
0.386425381526351	0.9981528266442388	0.0001601570259855225
0.386773182079196	0.9980273385334124	0.00016014158558916248
0.3871209812350571	0.9980156621036693	0.00016013269733311476
0.38746878132224083	0.9981508174768886	0.00016014348648474484
0.38781658094376326	0.9976629572928062	0.00016009798239153213
0.38816438103094697	0.9980305877894822	0.0001601289446565037
0.3885121806524694	0.9981034634267852	0.00016015316954360253
0.3888599802739918	0.9976605733130554	0.00016012049291296254
0.3892077747732401	0.9979545250895038	0.000160153392295932
0.38955556880682707	0.9977157495186096	0.0001601802371080219
0.3899033688940108	0.9976592609779101	0.00016077448544581484
0.3902511680498719	0.9983737771286131	0.00016269789078927237
0.39059896813705564	0.9983436323175583	0.0001636647184344389
0.39094676822423935	0.9985135320204207	0.0001633261515862828
0.3912945678457618	0.9983199028857446	0.00016331247005524333
0.3916423683986068	0.9981670573643917	0.00016329199728449967
0.3919901675544679	0.997944867414403	0.00016107416704196542
0.39233796717599034	0.9978614859604489	0.00016023394909474612
0.39268576726317406	0.9980725758595178	0.00016015717289561419
0.39303356735035777	0.9981523550763127	0.00016015317604149853
0.3933813674375415	0.9980237837717016	0.00016012985325361692
0.3937291605398059	0.9978010320689306	0.00016012437754151299
0.39407695503905416	0.9983736914759086	0.0001601679525383419
0.39442475512623787	0.9978798821821364	0.00016013565681052567
0.3947725547477603	0.9981493853735539	0.000160173584747116
0.395120354834944	0.9978915319348309	0.00016017428829578602
0.39546815445646644	0.9982052584001362	0.000160250340418128
0.39581595454365015	0.9983771402553501	0.000160328253956008
0.3961637541651726	0.9979787147881974	0.00016018296050606803
0.3965115542523563	0.9982206481946694	0.00016013837930835094
0.39685935433954	0.9982045562169009	0.00016011704336297113
0.39720715349540114	0.9981191596577983	0.00016009045794019037
0.39755496522411704	0.9981752935676212	0.0001600836647978361
0.39790276531130075	0.998075203633221	0.00016007212056111706
0.39825055934488773	0.9981518463061213	0.00016007961001641334
0.3985983529128134	0.9976345388154478	0.00016001447776764705
0.39894615299999714	0.9979296208328629	0.00016002090169304863
0.39929395308718085	0.9979471194735229	0.00016000304240486644
0.3996417527087033	0.9980557542820996	0.00016000718831119407
0.399989552795887	0.997954497916544	0.00015999557364488421
0.4003373524174094	0.998069539234267	0.00016000495004369665
0.40068515203893185	0.9979768536512552	0.0001599858071292298
0.40103295212611556	0.9980274030562385	0.00015998247641481903
0.4013807522132993	0.9977046522854224	0.00015995904780366412
0.4017285518348217	0.9976163882123199	0.00015994880658005612
0.4020763514563441	0.9977920342059854	0.00015996486973318794
0.40242415154352784	0.9981022639597277	0.00015999016121209922
0.41355371149256825	0.9976917125355057	0.00016025369239773578
0.41390151157975197	0.9978364954801868	0.0001610205669662025
0.4142493112012744	0.9975322844165616	0.0001609572284701837
0.4145971108227968	0.9975692151881441	0.00016083276361762022
0.41494491090998054	0.998045291181682	0.00016130013403785486
0.41529271099716425	0.9974709300589178	0.0001604310074333481
0.4156405101530254	0.9976774358008995	0.00016006069488937814
0.4159882985986769	0.9977091979004046	0.00016006452460716505
0.41633609868586063	0.9974866524201769	0.00016004393706477594
0.41668389877304435	0.9978620994586781	0.00016006992793267998
0.4170316979289055	0.9974742561794447	0.00016004257285130437
0.4173794980160892	0.9978659282337086	0.00016007405823348556
0.4177272981032729	0.9971149656655526	0.00016006623735570895
0.41807509772479534	0.9976063698209274	0.0001600562971333055
0.41842289781197906	0.9979735647939169	0.00016010978385270564
0.4187706974335015	0.9974274479438019	0.00016008365667127968
0.4191184970550239	0.9977061618870021	0.00016012531948760914
0.4194662971422076	0.9976348397045499	0.00016012571394276773
0.41981409722939134	0.9977610867635351	0.00016009098763823253
0.42016189685091376	0.9978303717137205	0.00016008575025908752
0.420509684830904	0.9975935832005236	0.0001600493546313326
0.4208574849180877	0.9976807834586423	0.00016004986666715988
0.42120528500527143	0.9978739393290877	0.0001600588238809521
0.4215530841611326	0.9976378272420767	0.0001600299221200493
0.4219008842483163	0.9976176115624782	0.00016001384049833966
0.4222486843355	0.9979317013386895	0.00016003644634839334
0.4225964844226837	0.9976795561216173	0.00015998757187357903
0.42294428357854486	0.9979202997250297	0.0001600001659557009
0.4232920832000673	0.9975576024346096	0.00015996835991761744
0.4236398837529123	0.9976589766178652	0.00015996722695292527
0.4239876833744347	0.9973990540727615	0.0001599424281525523
0.42433548299595714	0.9976822069045064	0.00015995892848988535
0.42468327144160867	0.9975962447997146	0.0001599451203601078
0.4250310715287924	0.9977863132098951	0.00015996354295470992
0.4253788711503148	0.9976155157836267	0.00015995060838220763
0.42572667030617595	0.9974749889212592	0.0001599369837338245
0.42607447085902095	0.9975375216737437	0.00015994286443425242
0.4264222704805434	0.9976266668728414	0.0001599419676074699
0.4267700705677271	0.9974615323492184	0.00015992552132034117
0.4271178701892495	0.997806632465736	0.00015994841999760989
0.42746566981077194	0.9977497681535797	0.0001599465429652245
0.42781346989795566	0.9980930694559246	0.00015997033002757016
0.4281612695194781	0.9976840513575876	0.0001599404807437905
0.4285090696066618	0.9976558737583684	0.00015994029126692891
0.4288568692281842	0.9978108290487527	0.00015995158710943643
0.42920465767383575	0.997665522751223	0.00015993786014751202
0.4295524572953582	0.9977891499460466	0.00015995398117456936
0.4299002569168806	0.9980217299949499	0.00015996479233357707
0.4302480570040643	0.9976910632446195	0.00015994193582513739
0.43059585662558675	0.9974398063395092	0.0001599248695715366
0.43094365717843175	0.9979572002726649	0.00015997467923333915
0.4312914563342929	0.9979690867915876	0.0001599764491350538
0.4316392559558153	0.9973714192034775	0.00015993255642645133
0.43198705604299903	0.9976919653456686	0.0001599743794466744
0.43233485613018274	0.9975127157873496	0.0001599680700995513
0.43268265575170517	0.9977405284844522	0.0001599966786792731
0.4330304553732276	0.9977365253534074	0.00016000557237484878
0.4333782554604113	0.9979443958749217	0.000160030585671726
0.43372604390606284	0.9975916916437948	0.00016000922528113234
0.43407384352758527	0.9976591394605309	0.0001600209210435141
0.4344216431491077	0.997804538728902	0.0001600438645646809
0.4347694432362914	0.9973487396922438	0.00016000563964622768
0.4351172433234751	0.9977099296194444	0.00016004163638712454
0.43546504247933626	0.9976554916043541	0.00016004134183814601
0.43581284256652	0.9977411266402564	0.0001600518024544551
0.4361606426537037	0.9976611139430813	0.00016007674078817748
0.43650844180956483	0.9977483732766874	0.00016048136335295522
0.43685624189674854	0.9979461769355711	0.00016177604157698426
0.43720404198393226	0.9977773766687179	0.00016231171765042108
0.43755184207111597	0.9976372553420444	0.00016147785653910227
0.4378996351733804	0.9978741692604308	0.00016187994378339676
0.43824742967262864	0.9978152922856546	0.0001621207351338543
0.43859522975981236	0.9976940996264172	0.00016072432387776765
0.4389430293813348	0.9977785098562656	0.00016014535748934078
0.4392908290028572	0.9978291454076833	0.00016011771115581085
0.4396386290900409	0.9977642754387362	0.0001601128407581044
0.43998642917722464	0.9976753171640661	0.00016010503514847377
0.44033422879874706	0.9977045182863875	0.00016011590707043055
0.4406820284202695	0.9976856743993979	0.0001601129917386765
0.4410298285074532	0.9977261445581447	0.00016011944044629076
0.44137762812897563	0.99779010622902	0.00016012806145449066
0.44172542821615934	0.997863241804619	0.0001601421379640931
0.44207322783768177	0.9977708649046372	0.00016013829837754792
0.44242102187126875	0.9974691912277364	0.00016010511404644494
0.44276881590485573	0.9975866932085691	0.00016011286191289226
0.44311661552637815	0.9977505960683746	0.00016011924910401234
0.44346441561356187	0.997697816448586	0.00016010768479953144
0.4438122152350843	0.997696739754461	0.00016009619532529536
0.444160015322268	0.9976593657556841	0.00016010001707966777
0.44450781494379044	0.9977879017238064	0.00016021268054979064
0.44485561456531286	0.9975510936115185	0.00016008845641725335
0.4452034146524966	0.9975600400800783	0.00016007191380277555
0.4455512147396803	0.9979682951699747	0.0001600965770771094
0.4458990143612027	0.997524256786901	0.000160052165007064
0.44624681398272514	0.9975529296505242	0.00016004957720165247
0.44659461360424757	0.9977382599953956	0.0001600694842050277
0.44694240763783455	0.9976357337802682	0.00016006295197867228
0.44729020167142153	0.9977637730635532	0.00016007753329403714
0.44763800175860524	0.9975622135474845	0.00016005686751531837
0.44798580138012767	0.9974295690739238	0.00016004164502526474
0.4483336014673114	0.997561688296827	0.00016005512311903242
0.4486814010888338	0.9977146997597316	0.00016006522372163435
0.44902920071035624	0.9977957971795566	0.00016006681656868595
0.44937700126320124	0.9977312956587175	0.0001600677513653108
0.4497248004190624	0.9978920408990486	0.00016008063934068922
0.4500726005062461	0.9980351226038231	0.00016009725277382658
0.4504204001277685	0.9975403284540041	0.00016005556854109486
0.45076819974929094	0.9973398205077726	0.00016004424812172938
0.4511159937828779	0.9977486006280217	0.00016007937574041327
0.4514637878164649	0.9975510938041781	0.00016007036903688103
0.4518115879036486	0.9977154245085534	0.00016010297776992307
0.45215938752517104	0.9977300682331438	0.00016011265979983265
0.45250718761235476	0.9979424603364128	0.00016012667387892645
0.4528549872338772	0.9976447785923425	0.0001601007689180759
0.4532027868553996	0.9977781405202406	0.00016011520899943476
0.4535505869425833	0.997540758432583	0.00016010111620188148
0.45389838656410575	0.9975311777639551	0.0001600940543876155
0.45424618665128946	0.9974022828128689	0.0001600872725184955
0.4545939862728119	0.9976382714228039	0.00016009477906553195
0.45494179194793105	0.9972548078225669	0.00016005719101628698
0.45528959203511477	0.9975412833032371	0.00016008305109980138
0.4556373911909759	0.997534675153941	0.00016007526501854872
0.45598518569022417	0.9977911582440095	0.00016009289959820064
0.4563329853117466	0.997330675405727	0.0001600503625433468
0.4566807853989303	0.9975823225424385	0.00016007268462837285
0.45702858502045274	0.9974906326355371	0.0001600720732831474
0.45737638464197516	0.9976570208734855	0.00016009539966843438
0.4577241847291589	0.9974987080283928	0.00016010343053817695
0.4580719843506813	0.9974060781355305	0.00016052377227620922
0.45841978397220373	0.9975466968037865	0.0001621474883729363
0.45876758405938745	0.9980133676485522	0.00016329708331710698
0.45911538414657116	0.9979044465368219	0.00016292708292790957
0.4594631837680936	0.9980083079465566	0.0001629061479727088
0.4598109773360193	0.9981836112580773	0.00016298230823968895
0.46015877183526754	0.9975932790925623	0.00016089755061154924
0.46050657145678997	0.9972771365202605	0.00016013413681187274
0.4608543710783124	0.9976029422545607	0.0001601027776371162
0.4612021711654961	0.9971647392458151	0.00016005543939031773
0.4615499712526798	0.9972832249646923	0.00016005279802422438
0.46189777087420225	0.9977004107047375	0.00016008517507169886
0.4622455704957247	0.9975111401027938	0.00016007134830560996
0.4625933701172471	0.9972598056144241	0.0001600550312951321
0.4629411702044308	0.9974440981173456	0.00016008065930783334
0.46328896982595325	0.9979111522267303	0.00016013484725056775
0.46363676991313696	0.9975663793007945	0.00016016067157155706
0.4639845695346594	0.9976952870004965	0.00016022281089530488
0.46433236356824636	0.9978108735576205	0.0001601474725919678
0.46468015760183334	0.9974240358194442	0.00016005166792678273
0.46502795768901706	0.9975036371658819	0.00016002760578659857
0.4653757573105395	0.9976255357518921	0.00016002266117235198
0.4657235569320619	0.9975991677799495	0.0001600162777367289
0.4660713570192456	0.9976453096481009	0.00016001147651164148
0.46641915617510676	0.9973543170633598	0.0001599881572756824
0.46676695672795177	0.9974576458046915	0.0001599748083298772
0.4671147563494742	0.997615260016316	0.0001599711146117211
0.4674625559709966	0.9975820107083216	0.00015995931459838162
0.46781035605818033	0.9975588348884036	0.00015994908006731315
0.46815815567970276	0.9972629584352734	0.00015991102544767635
0.4685059557668865	0.9975933455529506	0.0001599386941036718
0.46885374933481216	0.9973140664605089	0.00015991235437433417
0.46920154383406043	0.9974123550322214	0.00015991349184728203
0.46954934345558286	0.9974026099697311	0.00015991024750440334
0.469897142611444	0.9975289563525277	0.00015991714421130632
0.470244943164289	0.9976201019619305	0.00015992708041220077
0.4705927427858114	0.9975377249974476	0.00015992178066896504
0.47094054240733385	0.9975095374606516	0.00015991942541606559
0.4712883420288563	0.9971731692438601	0.0001598848438602698
0.47163614211604	0.9978145685621851	0.0001599403575047493
0.4719839422032237	0.9976680350931759	0.00015994085437101577
0.47267954144626856	0.9977325657651409	0.00015995378828726031
0.4778965152800083	0.9978780129928088	0.0001599597006427585
0.47824431490153074	0.9977630932105543	0.00015995039511645131
0.47859211498871446	0.9974391152547314	0.00015992245885333364
0.4789399146102369	0.9975796957054883	0.00015994543888981028
0.4792877146974206	0.9974202096826991	0.00015994171240670316
0.479635514318943	0.9975553541052395	0.0001599627344387505
0.47998331394046545	0.9974944129417013	0.00015996046910952673
0.48033111402764916	0.9972313242390152	0.00015993487460262427
0.4806789136491716	0.9975574487955536	0.00015996097400738137
0.481026713270694	0.9975449504425729	0.0001599632396505473
0.48137451335787773	0.9975512051354889	0.00015997057695651238
0.48172231297940016	0.9973164976144737	0.00016005699077550992
0.48207010701298714	0.9976175804867843	0.00016066278655795497
0.4824179010465741	0.9973347740086458	0.00016069006446150605
0.48276570113375783	0.9975087936802745	0.00016055156706549755
0.48311350075528026	0.9974461313686063	0.00016087104477151471
0.4834613003768027	0.997565982402613	0.00016022662744652585
0.4838091004639864	0.9975981074092258	0.0001599901378231669
0.4841569000855088	0.9974253949521201	0.00015998595254097556
0.48450469970703125	0.9973430173179527	0.0001599861455593116
0.4848524993285537	0.9974138618189394	0.00015999141754983881
0.4852002998813987	0.9973238275332763	0.00015998969674816367
0.4855480990372598	0.997421092942327	0.00015999893161755375
0.48589589865878224	0.9972848927957897	0.00015998868586409562
0.4862436931580305	0.997214130346953	0.00015999090163823818
0.4865914867259562	0.9972903089494545	0.0001599969704183482
0.4869392868131399	0.9975392422953369	0.00016003750189386574
0.48728708643466234	0.9974828128409341	0.00016004036774909918
0.48763488652184606	0.9972855198790572	0.0001600434498307612
0.4879826861433685	0.9972132256373789	0.0001600167004230415
0.4883304857648909	0.9973206151617809	0.00016001219561949547
0.4886782858520746	0.9974318752011703	0.00016001505692162194
0.48902608547359705	0.9972017739437568	0.00015999256683355543
0.48937388556078076	0.9972323679543651	0.00015999148732638357
0.4897216847166419	0.9970035609342173	0.00015996313522573165
0.4900694848038256	0.9973246554711243	0.00015998509832785326
0.49041728489100933	0.9973326020580395	0.00015996613684439513
0.490765078458935	0.9971225994445901	0.00015993547465450547
0.491112872492522	0.9972455209609832	0.00015993298336327972
0.4914606725797057	0.9972616130622601	0.00015992047389936905
0.49180847220122814	0.9974737197284091	0.00015993997758794647
0.49215627182275057	0.9970154573082236	0.00015989186574771094
0.49250407237559557	0.9972702675059015	0.0001599116147152127
0.4928518715314567	0.9972527854345842	0.0001599082978746473
0.49319967115297914	0.9973217181694886	0.00015990949307959537
0.49354747124016285	0.9972824858405288	0.0001598968421155388
0.4938952708616853	0.9970839414971214	0.00015988090785512983
0.494243070948869	0.997126198084425	0.00015991237958247828
0.4945908705703914	0.9970628673366947	0.00015991552785103922
0.4949386646039784	0.9972885260218097	0.00015994466223458043
0.4952864642255008	0.9972585237341597	0.00015993858025196829
0.4956342582590878	0.9972593130654351	0.0001598952236857343
0.4959820578806102	0.9976875852820257	0.00015993021816606342
0.49632985796779394	0.9971759825163786	0.00015989699399890516
0.49667765805497766	0.9972482489155224	0.0001598897703116339
0.4970254572108388	0.9973699272804553	0.00015990277834730313
0.4973732572980225	0.997531730424642	0.00015991542125953962
0.4977210573852062	0.9971629730404858	0.0001598852130688737
0.49806885654106736	0.9971878192619087	0.00015988839309398893
0.4984166566282511	0.9973205250936489	0.00015989784239644092
0.4987644567154348	0.9971975979561845	0.00015988551483926618
0.49911225587129593	0.9974607811628698	0.00015991110300671665
0.4994600499048829	0.9968299397713568	0.00015986194135348715
0.4998078444041312	0.9971634103943634	0.00015989764589785353
0.5001556440256536	0.9975392828518136	0.00015992843361086972
0.500503443647176	0.997347268573305	0.00015992585526912004
0.5008512437343597	0.9973959947044369	0.00015994440487790746
0.5011990433558822	0.9970753157545534	0.0001599254526608405
0.5015468429774046	0.9973890087679207	0.00015996248696081053
0.5018946430645883	0.9971458017084234	0.00015994601078543334
0.5022424426861107	0.9974803382798507	0.00015997709620909048
0.5025902427732944	0.9974095435036333	0.00015998356520366527
0.5029380423948169	0.997589793359503	0.00016000489164365108
0.5032858420163393	0.9974848466250313	0.00015999985587284042
0.503633642103523	0.9974236551118151	0.00015999873128978953
0.50398143613711	0.9975720016547679	0.00016001614195816944
0.5043292297050357	0.997341854807808	0.0001600094449081302
0.5046770297922194	0.9974606318892754	0.0001602690926081175
0.5050248298794031	0.9972944748224143	0.00016133234778949298
0.5053726290352643	0.9974410700693119	0.00016205821109873647
0.5057204286567867	0.9970456547294113	0.00016121321390642684
0.5060682292096317	0.9973100162883345	0.00016153898537503243
0.5064160283654928	0.9972641323875997	0.00016180045081958026
0.5067638284526765	0.9972320439827689	0.0001605499358390491
0.5071116285398602	0.9973109948432883	0.00016006144619187948
0.5074594276957214	0.9969712172800638	0.0001600112020253099
0.5078072277829051	0.9973714489017842	0.00016005185944131036
0.5081550213508308	0.9975385717092451	0.00016006572148719614
0.5085028158500791	0.9973851690768694	0.00016006267298592815
0.5088506154716015	0.9972995243217658	0.0001600584030815957
0.5091984150931239	0.9972400189512174	0.0001600516720646562
0.5095462147146463	0.9974756444334828	0.0001600694691213399
0.50989401480183	0.997403638708189	0.0001600675002562643
0.5102418144233525	0.9974043311244966	0.00016007124314900396
0.5105896140448749	0.9973514080323612	0.00016007803387851625
0.5109374145977199	0.9973064040254448	0.00016005938117722237
0.511285213753581	0.9973601095386184	0.00016005073120532785
0.5116330133751035	0.9971402558521896	0.00016002790476563492
0.5119808134622872	0.9973283723971926	0.00016003930847543604
0.5123286130838096	0.9974496906969489	0.00016005305158509916
0.5126764071173966	0.9972772280172466	0.00016011208999756635
0.5130242011509836	0.9974221018349748	0.00016004504438091506
0.5133720068261027	0.9973856346682347	0.00016002631665148616
0.5137198125012219	0.9973129909147027	0.00016001110130473822
0.514067611657083	0.997523314348557	0.0001600311783859385
0.5144154117442667	0.9972983698216529	0.00016000779103271238
0.5147632118314505	0.9973752833896471	0.00016001103687676344
0.5151110109873116	0.9971647859877968	0.00015999228547658074
0.5154588110744953	0.9973460070004593	0.00016001040448701873
0.515806611161679	0.9974133168030941	0.00016001963846893995
0.5161544107832015	0.9974667912864731	0.0001600216454909653
0.5165022104047239	0.99728717258815	0.00016000476996442403
0.5168500104919076	0.9972980757453465	0.00016000142773318096
0.5171977984718978	0.9974121889644739	0.0001600113254459197
0.5175455980934203	0.9973660090638995	0.00016000539257090586
0.5178933977149427	0.9975401141417313	0.00016001817729624878
0.5182411978021264	0.9976977518141549	0.00016004200005501147
0.5185889978893101	0.997305538927395	0.00016001282772354822
0.5189367970451713	0.9974357853500675	0.00016002739984494663
0.519284597132355	0.9972766878843944	0.0001600204830395014
0.5196323972195387	0.9972431672336559	0.0001600196026003137
0.5199801963753998	0.997325550880752	0.00016002391291690992
0.5203279964625835	0.9973670494590777	0.0001600412644148449
0.5206757965497673	0.9974340574254418	0.00016006229666679165
0.5210235957056284	0.9973627224101553	0.00016005497590821716
0.5213713897392154	0.9972464081573462	0.00016004765227223367
0.5217191837728024	0.9978400749292418	0.00016009266304557997
0.5220669838599861	0.9974728254512358	0.0001600684125081692
0.5224147834815085	0.9974685568882666	0.00016006555201568434
0.5227625831030309	0.9973825381188879	0.000160053267241823
0.5231103831902146	0.9972360650718964	0.00016004295476264153
0.5234581832773983	0.9973972404265994	0.00016004156052692566
0.5238059824332595	0.9973957673604594	0.00016004288655778134
0.5241537820547819	0.997327416528785	0.00016003239874791322
0.5245015826076269	0.9972579442599379	0.00016001656700592856
0.524849381763488	0.9974123327984681	0.00016002928468735633
0.5251971818506718	0.9975547504516485	0.00016003494592365752
0.5255449814721942	0.9972631802939496	0.00016001790223692524
0.5262405695393682	0.9975403927818273	0.0001602723759535778
0.5265883686952293	0.997426474479552	0.00016152058508991547
0.5272839688695967	0.9980297386350793	0.00016257114153640995
0.5276317684911191	0.9976188214784398	0.00016243922230814654
0.5279795685783029	0.9981937974980708	0.0001626798890772896
0.528327367734164	0.9971066208623748	0.00016074720265702293
0.5286751678213477	0.9970845374506415	0.00016006900856046206
0.5290229674428701	0.9972350098598144	0.00016003864990058969
0.5293707675300539	0.9971369471260251	0.0001600173680970071
0.5297185671515763	0.9972900496687456	0.00016002130645317213
0.5300663667730987	0.9972199023535964	0.00016001448343343468
0.530414154753089	0.9973222323144479	0.00016001804574951211
0.5307619548402727	0.9975893969314323	0.00016004304899334582
0.5311097544617951	0.9980258696752397	0.0001600827704638302
0.5314575540833175	0.9973260290928874	0.00016003850182976922
0.5318053541705012	0.997400150786742	0.00016007372358441238
0.5321531537920237	0.997191375410587	0.00016012083519864503
0.5325009534135461	0.9973906447411933	0.00016008642290771938
0.5328487535007298	0.9973171638401888	0.00016000864380686253
0.5331965531222522	0.9975610668316678	0.00016001063381723276
0.5335443532094359	0.9975992406297389	0.00015999602459227326
0.5338921523652971	0.9975125734410717	0.0001599776276519732
0.5342399524524808	0.9974127557094248	0.0001599639475191433
0.5345877464860678	0.9972521942564502	0.00015994680685716542
0.5349355400539935	0.9974831786415626	0.00015994695027288951
0.5352833401411772	0.9974226035690991	0.0001599273830956116
0.5356311397626996	0.9973193369869962	0.0001599061929678197
0.5359789398498833	0.997630808785374	0.00015992213885019895
0.5363267394714057	0.9973872553310211	0.000159899222558514
0.5366745390929282	0.9974737430872909	0.00015989885332038753
0.5370223391801119	0.9973944905567377	0.00015988708940723164
0.5373701388016343	0.9973915957677293	0.0001598861292614324
0.5377179384231567	0.9980020834890334	0.0001599377069699728
0.5380657385103405	0.997693153974077	0.00015990226823108804
0.5384135376662016	0.9975593677870096	0.00015988653498067828
0.5387613377533853	0.9975781254441876	0.0001598928324745681
0.5391091261990368	0.9975339495264609	0.00015989257626346579
0.5394569258205593	0.9976993529522513	0.00015991190259895903
0.5398047254420817	0.9975342719163832	0.00015989479742741725
0.5401525250636041	0.9974151982475742	0.00015988444196099883
0.5405003251507878	0.9974729036322068	0.0001598895450713787
0.5408481247723103	0.9972721614737925	0.00015987554400831086
0.5411959243938327	0.9974387440884126	0.00015989484732444157
0.5415437244810164	0.9973563485410123	0.00015987811655368079
0.5418915241025388	0.9975245186710705	0.00015988752165570943
0.5422393237240613	0.9974114872654342	0.00015987807130439134
0.5425871233455837	0.9974480286056417	0.0001598799695230296
0.5429349234327674	0.9976309829419049	0.00015989895595019528
0.5432827114127576	0.9975020319874539	0.00015989074487044843
0.5436305114999413	0.9976514374417392	0.00015989597938725666
0.5439783111214638	0.9973404953556642	0.00015987215275325972
0.5443261112086475	0.9974990926682734	0.00015988610654117145
0.5446739103645086	0.9971832317643016	0.00015986344331945994
0.545021709986031	0.9972802496426239	0.0001598716271998197
0.5453695105388761	0.9973433204648648	0.00015987664334758344
0.5457173096947372	0.9973914950698048	0.00015987951861719956
0.5460651097819209	0.9973332870789243	0.00015987335398845397
0.5464129094034433	0.9971066994993657	0.00015986236588167227
0.5467607090249658	0.9973580679911945	0.00015989020288366306
0.5471085091121495	0.997397820602756	0.00015988776939084386
0.5474563082680106	0.9973796341048549	0.00015989182587617285
0.5478040971793234	0.9976688458884653	0.00015992942891299112
0.5481518963351846	0.9976109307399906	0.00015993078298605934
0.5484996964223683	0.9975496983776954	0.00015993264476741472
0.5488474960438907	0.997431514334947	0.00015992201457556735
0.5491952956654131	0.997480888990025	0.00015992535620641365
0.5495430957525969	0.9972667041200728	0.00015991111883856547
0.549890894908458	0.9975904677098683	0.0001599603918468596
0.550238695461303	0.9972372317023253	0.00016025355740352946
0.5505864950828254	0.9975344007742593	0.00016045817216416028
0.5509342942386866	0.9973671728461628	0.00016026372760026043
0.5512820943258703	0.9972989698450441	0.00016045688140459754
0.5516298939473927	0.9972828386306396	0.00016002062056518025
0.5519776940345764	0.9974640389902921	0.0001599435335733796
0.5523254820145667	0.9975493164734431	0.00015995803782567662
0.5526732816360891	0.9976012296918753	0.0001599655524311431
0.5530210817232728	0.9977332346852927	0.000159983232545009
0.5533688813447952	0.9977857550334539	0.00016000001215854794
0.5537166809663177	0.997625439713942	0.00015998311758650525
0.5540644810535014	0.9973305372226471	0.00015996274444380604
0.5544122806750238	0.997819313734367	0.00016000551379175113
0.5547600802965462	0.9975860358779106	0.0001599927751413229
0.5551078799180686	0.9976476446480328	0.0001599999295120704
0.5554556800052524	0.997748283541244	0.00016001562334430646
0.5558034791611135	0.9974749706888955	0.00015999963466403554
0.5561512792482972	0.997651116827249	0.00016000387207774135
0.5564990676939487	0.9977850044793908	0.00016001357310853746
0.5568468673154712	0.997765122277694	0.00016001564251624448
0.5571946669369936	0.9976937008825082	0.00016000280218850257
0.557542466558516	0.9975787627084919	0.00015999463421450925
0.5578902666456997	0.9976220089043311	0.00015998811432257117
0.5582380662672222	0.9973455440452251	0.00015996144377187154
0.5585858658887446	0.9977256486969971	0.0001599828091334753
0.5589336659759283	0.9974285315110959	0.0001599479605862228
0.5592814655974507	0.9975570111029404	0.0001599370022487777
0.5596292652189732	0.9975811423051518	0.00015993355272092577
0.5599770653061569	0.9976563232575659	0.00015992567077201077
0.5603248649276793	0.9976171869551417	0.00015992375769185448
0.5606726645492017	0.997781267672047	0.0001599367941669661
0.561020452529192	0.9977659301142858	0.00015993293837408647
0.5613682526163757	0.9978545831747484	0.00015993748585503098
0.5617160522378981	0.9974590930020437	0.00015990412555301332
0.5620638518594205	0.9973738472391677	0.0001599039160502093
0.5624116519466043	0.9976847198683997	0.00015999086100797557
0.5627594515681267	0.9975813842329115	0.00015991493698686398
0.5631072511896491	0.9975517023451461	0.00015989316488533144
0.5634550508111715	0.997501219223352	0.00015989771339661483
0.5638028508983552	0.997377213075228	0.0001598830802690397
0.5641506505198777	0.997562939997183	0.00015989565873475304
0.5644984501414001	0.9975274776021688	0.00015989095903611497
0.5648462502285838	0.9976445137856413	0.0001599118059212438
0.5651940437965095	0.9975149896404014	0.00015989480059095326
0.5655418378300965	0.9974875957549475	0.00015989016064276319
0.5658896374516189	0.9976196312260611	0.0001599029071926833
0.5662374375388026	0.997523062571118	0.0001598940057505638
0.566585237160325	0.9975249223200114	0.00015989261855145956
0.5669330367818475	0.9974732778174968	0.00015989683267129292
0.5672808364033699	0.9971229523642379	0.00015986038586935383
0.5676286364905536	0.9976583095220054	0.00015990530773028817
0.567976436112076	0.9976418537230041	0.00015990675591434568
0.5683242352679372	0.997521478775451	0.0001599062262432921
0.5686720358207822	0.9971467752922106	0.00015987598881440603
0.5690198354423046	0.9976126735642666	0.00015991662889778543
0.569367635063827	0.9976879646710882	0.0001599487467790278
0.5697154230438173	0.9977542275612388	0.0001599577480040404
0.570063223131001	0.9976512448882249	0.00015995934477507418
0.5704110227525234	0.9975151322291387	0.00015995108629088476
0.5707588219083846	0.9978456363697509	0.00015998541419216014
0.5711066219955683	0.9976613346786979	0.00015997415977955106
0.5714544337242842	0.9973195500319871	0.00015995487255014107
0.5718022328801453	0.9974541342465494	0.0001599744311293677
0.572150032967329	0.997531796465157	0.00015997905687121814
0.5724978325888515	0.9973445361690995	0.00015996872951745472
0.5728456326760352	0.9974710484201849	0.00016007916026509867
0.5731934318318963	0.9973630412941187	0.00016087547739777102
0.57354123191908	0.9975782848390867	0.00016180485810801735
0.573889025952667	0.9975515104142775	0.00016105926266041205
0.5742368195205927	0.9974413731306992	0.0001611588910254112
0.5745846196077764	0.9972994317093483	0.00016153917296605637
0.5749324192292988	0.9973249502981409	0.00016042548204368878
0.5752802193164825	0.997220128184334	0.00016000486117646008
0.5756280184723437	0.9975859346623052	0.0001600340790666517
0.5759758185595274	0.9973069438298207	0.00016001266487145486
0.5763236186467111	0.9976331048043147	0.00016003594441175339
0.5766714178025723	0.9977098109949516	0.0001600534598913821
0.577019217889756	0.9974124597472496	0.000160025564581667
0.5773670175112784	0.9975262468289492	0.00016003904718244779
0.5777148171328008	0.9974245943236052	0.00016003745552852685
0.5780626167543232	0.997389605706766	0.00016002964827280185
0.5784104051999748	0.9976547844126674	0.0001600498563675966
0.5787582052871585	0.9977143788801986	0.00016005450056105275
0.5791060044430196	0.997606444241107	0.0001600420062364085
0.5794538045302033	0.9975742462883822	0.00016003945866028911
0.5798016041517258	0.997795047853041	0.00016004608036561917
0.5801494037732482	0.9975913235356708	0.0001600319146279285
0.5804972033947706	0.9977277044328254	0.00016004707973489343
0.5808450034819543	0.9978783369569257	0.00016011568357817774
0.5811928031034768	0.9976986196712849	0.00016003122691763612
0.5815406027249992	0.9975844999764735	0.00016000542378787899
0.5818884023465216	0.9977582956192166	0.00016002016571491618
0.5822362024337053	0.9979208826571423	0.0001600297236211339
0.5825839964672923	0.9976462592066708	0.00016000545730291573
0.582931790035218	0.9974585391448303	0.00015999337062515482
0.5832795901224017	0.9975147145196367	0.00015998908296985514
0.5836273897439241	0.9974888418093858	0.0001599859627837275
0.5839751893654466	0.9978528820331248	0.00016001989883293979
0.584322988986969	0.997488157474558	0.00015999072736132982
0.5846707890741527	0.9975698345136633	0.00016000234394815638
0.5850185886956751	0.9976161294566108	0.0001600019590051366
0.5853663883171976	0.9975394697335074	0.00015999303264151843
0.58571418793872	0.9979049798217692	0.00016002210699663145
0.5860619880259037	0.9974734688344709	0.00015998865825696986
0.5864097876474261	0.9977779670794245	0.00016001332426104654
0.5867575868032873	0.997625279199498	0.0001600119596400198
0.5871053813025355	0.997440615399953	0.00016000236835434444
0.5874531748704612	0.9974552351980984	0.0001600110829707719
0.5878009749576449	0.9976788857515378	0.00016002447068647809
0.5881487745791674	0.9979338387623164	0.0001600447131177622
0.5884965746663511	0.9978106293705401	0.00016002901919552205
0.5888443742878735	0.9979736764205507	0.0001600438255948577
0.5891921734437346	0.997751364091692	0.00016004452668467214
0.5895399735309184	0.9978224210186591	0.00016005661697921628
0.5898877731524408	0.9973823630832411	0.0001600258127333741
0.5902355732396245	0.9976842626104467	0.00016005179959813695
0.5905833723954856	0.9975821737126095	0.000160046138889725
0.5909311724826694	0.9979079490290098	0.0001600700621025403
0.5912789665162563	0.9977110507565247	0.0001600503003983498
0.591626760084182	0.997947881489238	0.00016006782858400857
0.5919745601713657	0.997806148980298	0.00016004723192008724
0.5923223597928882	0.9976809251550202	0.00016003011743163318
0.5926701598800719	0.9978181732195667	0.00016004204913681858
0.593017959035933	0.997892613137227	0.00016004200102254955
0.5933657591231167	0.9976652112858508	0.00016002318422169115
0.5937135587446392	0.9980022441340061	0.00016004313478584198
0.5940613583661616	0.9975984200508752	0.00016001010082186473
0.594409157987684	0.9977525462995971	0.00016009445781142495
0.5947569580748677	0.9982744740825251	0.00016093555295253493
0.5954525573179126	0.9983959594962213	0.00016228214833295435
0.5958003518171608	0.9984568939338203	0.00016209158432753577
0.5961481453850865	0.9981385095170592	0.00016233093101258907
0.596495945006609	0.9975873889362096	0.00016069000198442996
0.5968437446281314	0.9975294996829506	0.00016005586122065492
0.5971915447153151	0.9975517798042244	0.0001600423494523546
0.5975393438711762	0.9973307536043893	0.0001600067319124559
0.59788714395836	0.9976213628578535	0.00016002086454318357
0.5982349435798824	0.9978091032733628	0.0001600358350488652
0.5985827436670661	0.9976870203361206	0.00016001857532681714
0.5989305428229272	0.9981438113277009	0.00016004717726732004
0.599278342910111	0.9976652186136339	0.0001600012805261959
0.5996261429972947	0.9976456534676711	0.00016000549393809812
0.5999739421531558	0.9976075226547463	0.00016000749096282133
0.6003217361867428	0.9977094766707763	0.00016005371688882617
0.6006695302203298	0.9979520671347161	0.0001600643232033836
0.6010173303075135	0.9976785182116644	0.00016000231851179289
0.6013651294633746	0.9976826427788547	0.0001599819753157796
0.6017129295505583	0.9974310733025392	0.00015994761353482797
0.6020607291720808	0.9977202146180473	0.00015996232468332464
0.6024085287936032	0.9979212485336827	0.00015996352777469767
0.6027563284151256	0.9975825633331544	0.00015992902824167103
0.6031041285023093	0.9977838969477948	0.00015993950202977924
0.6034519276581705	0.9978632241580512	0.0001599290524979665
0.6037997277453542	0.9977599912260472	0.0001599071453129798
0.6041475273668766	0.9978684595430912	0.00015990973116470435
0.6044953214004636	0.9979640052637232	0.00015991134754766658
0.6048431154340506	0.9976622716601528	0.00015988700035998642
0.605190915055573	0.9980123579537508	0.000159910307519572
0.6055387151427567	0.9977782332140516	0.0001598807947321125
0.6058865142986178	0.9979622987516429	0.00015989938795673767
0.6062343143858016	0.9977444015676736	0.0001598799736853425
0.6065821135416627	0.9978595160083571	0.0001598899595768626
0.6069299140945077	0.9979905283525429	0.00015989705971029196
0.6072777132503688	0.9978208374234108	0.00015988536316647909
0.6076255128718913	0.9978008049316606	0.00015988998620740066
0.607973312959075	0.9978098820132053	0.0001598936073230206
0.6083211125805974	0.9980341196254074	0.0001599110772658923
0.6086689122021198	0.9978839407877858	0.0001598869889561469
0.6090167062357068	0.9974817757648468	0.00015985797770012896
0.6093645002692938	0.9979352867676577	0.00015989656420698726
0.6097122998908162	0.9981215214512728	0.00015991130457325718
0.6100600995123386	0.9977297466093075	0.00015988067081329743
0.6104078991338611	0.9979355840215123	0.00015988559157589327
0.6107556987553835	0.9980042501672521	0.00015989151801345112
0.6111034988425672	0.9979126116460083	0.00015987765514810105
0.6114512984640896	0.9979220985379861	0.00015987927834413196
0.6117990985512733	0.998071693896061	0.0001598959475184105
0.6121468981727958	0.9979396143262134	0.00015988071383903226
0.6124946973286569	0.9979402486326266	0.00015988037324722061
0.6128424974158406	0.9983416049140088	0.00015991838346438565
0.6131902914494276	0.9979234118553805	0.00015988420039970744
0.6135380854830146	0.9982652529670372	0.00015992003361383334
0.6138858846388757	0.9981286387669692	0.00015990573229038193
0.6142336847260594	0.9984420997543333	0.000159935511412173
0.6145814843475819	0.9982625153320087	0.00015991753573324252
0.6149292839691043	0.9979308421643349	0.00015988676156790158
0.6152770835906267	0.9980550096779496	0.00015991220382567258
0.6156248836778104	0.9978860110045946	0.00015989818200199882
0.6159726832993329	0.9980131353214479	0.00015991341166991986
0.6163204829208553	0.9980627913695159	0.00015992079224427848
0.6166682825423777	0.9981036165467257	0.00015993071664320606
0.6170160826295614	0.9981527690882278	0.00015994094836604598
0.6173638817854226	0.9982658349670854	0.00015995402715210182
0.6177116758190095	0.9984115104042904	0.00015996126304590515
0.6180594698525965	0.9980385178289749	0.00015993392472658357
0.6184072699397802	0.9980293755082761	0.00016000980579071095
0.6187550690956414	0.9982233210201596	0.00016023202288560542
0.6191028691828251	0.9981474265245966	0.0001600826353125179
0.6194506688043475	0.9979966908449494	0.00016015847234691392
0.6197984684258699	0.9979987885786865	0.0001599836852641735
0.6201462680473924	0.9979950505484244	0.00015996867172252737
0.6204940681345761	0.9981873852157765	0.0001599861231728017
0.6211896673776209	0.9981043982835728	0.00015997364746547514
0.6215374669991434	0.9979918748905224	0.00015996760623912754
0.6218852670863271	0.998175638175674	0.00015998540425101428
0.6222330601885915	0.9979889619992507	0.00015996862061085144
0.6225808546878397	0.998195006525518	0.00015998788950106704
0.6229286547750235	0.9977530906862474	0.000159953850700129
0.6232764539308846	0.99779095519755	0.0001599616662536835
0.6236242540180683	0.9981325941211843	0.00015999934204611804
0.6239720536395907	0.998034382099498	0.00015999382363315908
0.6243198537267745	0.9981632262610245	0.00016001309235128743
0.6246676528826356	0.998218183077025	0.00016002114501904884
0.625015452504158	0.9982144643733186	0.00016002421591068837
0.6253632525913417	0.9983380538098426	0.00016002882309381687
0.6257110522128642	0.9981546590537919	0.00016000582413581104
0.6260588518343866	0.9980900184177871	0.0001600009985036804
0.6264066458679736	0.9980796983726253	0.00015999359262240513
0.6267544399015605	0.9984710318404877	0.0001600219966701587
0.627102239523083	0.9983594309816197	0.00016000464569623955
0.6274500386789441	0.9984912198332048	0.0001600110416869396
0.6277978392317891	0.9982426975104755	0.00015997497222222982
0.6281456383876503	0.9983881107654322	0.00015998023835432035
0.628493438474834	0.9981226231802948	0.00015995076777631378
0.6288412376306951	0.9982633251883188	0.00015995458492159816
0.6291890433058143	0.9986631022245493	0.0001599959918602842
0.6295368489809334	0.9987583948884836	0.0001600023167958187
0.6298846486024559	0.9985918258892441	0.00015998428379282353
0.6302324482239783	0.998679085178829	0.00015998658535493334
0.630580248311162	0.9985944943037987	0.00015997466494563272
0.6309280418790877	0.9986668418463684	0.00015996892536771447
0.6312758359126747	0.998673304799841	0.0001599637423424727
0.6316236355341971	0.9989415004097424	0.0001599821825678745
0.6319714356213808	0.9987794589858627	0.00015997568170919425
0.632319234777242	0.9988913440603165	0.00015998905588516702
0.6326670348644257	0.9987810822362684	0.00015997256922467516
0.6330148344859481	0.9988075442181978	0.00015997551104456306
0.6333626341074705	0.99882276681854	0.00015997488966248088
0.6337104337289929	0.998790280960255	0.0001599683823515454
0.6340582338161767	0.9987896583369015	0.00015995543032479092
0.6344060329720378	0.998598165041223	0.00015995094133955786
0.6347538330592215	0.9988022198758848	0.0001599696899595239
0.6351016326807439	0.99889008330027	0.0001599771374650444
0.6354494211263955	0.9988354482514098	0.00015997671171181485
0.6357972202822566	0.9985115744242818	0.0001599489687435988
0.636145019903779	0.9987654672101329	0.0001599684272367963
0.6378840189427137	0.9990541213726848	0.00016001949161964445
0.6382318180985749	0.9989434557031458	0.00016002723273169614
0.6385796181857586	0.9991729845102277	0.00016004783604214209
0.638927417807281	0.9991867714340348	0.00016005783090463805
0.6392752174288034	0.9990804247753915	0.0001600520009202546
0.6396230109967291	0.9990433374666833	0.00016005307644788763
0.6399708054959774	0.999396545021026	0.0001600914015162548
0.6403186051174998	0.9992559530572767	0.00016008879944767022
0.6406664047390223	0.9992547153397476	0.00016009070902962903
0.6410142043605447	0.9993047702712464	0.0001601129910246536
0.6413620044477284	0.9996549480436177	0.00016058516752709328
0.6417098036035895	0.9995610098713513	0.00016153400235723698
0.6420576036907732	0.9996225743064957	0.00016106811999844897
0.6424054033122957	0.9992058096763868	0.00016085650346200355
0.6427532033994794	0.9995652720862576	0.00016143855518612062
0.6431010025553405	0.9997345362433425	0.00016048747831535698
0.643448802176863	0.9996303538455318	0.00016015187363333173
0.6437966022640467	0.9998471528998398	0.00016017826427584516
0.6441443962976336	0.999662045046445	0.00016016719580664164
0.6444921898655593	0.9996483350163929	0.00016016218854927132
0.644839989952743	0.9996952244421027	0.00016016830177567308
0.6451877895742655	0.9996268896991828	0.00016016678828803237
0.6455355891957879	1.0000795394737327	0.00016021052661174655
0.645883388351649	0.9999532502717348	0.00016019704880529685
0.646231188904494	1.0001810738776125	0.0001602173981842795
0.6465789880603552	1.000008830538664	0.00016019284691712158
0.6469267881475389	1.00016154842582	0.00016020114290020196
0.6472745873034	0.9999882068839059	0.00016018327939381743
0.6476223869249225	1.0001416187440704	0.0001601965165245295
0.6479701870121062	1.0002053755047666	0.00016021376426311583
0.6483179805800319	1.0000845984220303	0.0001601987944114984
0.6486657806672156	0.999993794861931	0.00016018913733006538
0.6490135742351413	1.0001414029247122	0.00016023737376464275
0.649361374322325	1.000128751570739	0.00016019716621106534
0.6497091734781861	1.0000406195928018	0.0001601757674953656
0.6500569735653698	0.9999810874009217	0.0001601589277670104
0.6504047731868923	1.000199348918298	0.00016017456889743688
0.6507525728084147	1.000208614338426	0.00016017320989912488
0.6511003724299371	0.99991277124737	0.00016014907678962078
0.6514481725171208	1.0000025251325062	0.00016016176330968437
0.651795971672982	1.000131217660022	0.00016016886710265398
0.6521437717601657	1.0001275504080422	0.00016016674463070464
0.6524915713816881	1.0002501889406943	0.00016017134009283147
0.6528393654152751	0.9999509274857188	0.00016015650414059822
0.6531871589832008	0.999938259672343	0.00016015720017150667
0.6535349590703845	1.00007364628236	0.00016016342225963346
0.6538827586919069	1.0004311511554416	0.00016019320303105116
0.6542305578477681	1.000038859237894	0.00016016129995097614
0.6545783579349518	1.0000165749608014	0.00016016534168910687
0.6552739576436579	0.999699643133629	0.0001601464250499098
0.6556217567995191	1.0000608923962613	0.000160184822064838
0.6559695568867028	0.9997819500688268	0.00016015908700267375
0.6563173565082252	0.9997189913280871	0.00016015080842163727
0.6566651561297476	1.000085212635842	0.00016018060692147334
0.6570129557512701	1.0002062060133747	0.00016019124766820318
0.657360749784857	1.00006310369073	0.0001601768900308273
0.657708543818444	0.9996584152435628	0.00016015005932510965
0.6580563434399664	0.9999319039933592	0.00016018645577063953
0.6584041430614889	0.999935986254692	0.00016020066693366218
0.6587519431486726	1.0000950868422718	0.00016021229354021708
0.6590997423045337	0.9998294383345063	0.000160183992181365
0.6594475419260561	0.999941332306694	0.00016019933569832821
0.6597953420132399	0.9997763078707101	0.00016018130402926855
0.660143141169101	0.9999142827737725	0.0001601881306031826
0.6604909412562847	1.000320596121787	0.00016021760733305975
0.6608387408778071	1.0003635396798345	0.00016020736363556287
0.6611865409649909	1.0001882969201248	0.00016019699449639198
0.6615343340672553	1.0000984099393624	0.00016018085835197725
0.6618821285665035	1.000033515693237	0.0001601735067623503
0.662229928188026	1.0003136021270593	0.0001601960250448712
0.6625777278095484	1.0000873416523366	0.00016017998605098293
0.6629255274310708	1.0003019444498256	0.00016052665623462122
0.6632733275182545	1.000671851714083	0.0001618860617078302
0.663621127139777	1.0008009052524456	0.00016212200520546302
0.6639689262956381	1.0006223915995238	0.0001617887500582109
0.6643167259171605	1.0007861352513066	0.00016212465012278217
0.6646645260043442	1.0001387610068777	0.00016079977848214243
0.6650123256258667	0.9998151535445327	0.00016019137217918047
0.6653601252473891	0.9996392484130696	0.00016016222052684772
0.6657079253345728	0.9998346786610655	0.00016017500665792178
0.6660557189024985	0.9999648360638205	0.00016017435612113696
0.6664035129360855	0.9998856575829476	0.00016016481181011253
0.6667513120919466	0.9996545040505014	0.00016013747301592298
0.6670991126447916	0.9997570864431128	0.00016014102552531142
0.6674469118006527	1.000023972801121	0.00016014912284791825
0.6677947114221752	0.9999611248423718	0.00016013713341389427
0.6681425110436976	0.9999181923872631	0.00016012884259552376
0.66849031066522	0.9998324663696677	0.00016012877717020514
0.6688381107524037	0.9999172648155652	0.0001601327792031907
0.6691859099082649	1.0003175183407191	0.0001601507635908551
0.6695337104611099	1.000091004229247	0.00016012778519872706
0.669881509616971	1.0003673799965034	0.00016014546659299627
0.6702293092384934	0.9998796278128664	0.0001600916183719632
0.6705771032720804	0.999878481890566	0.00016008990834199188
0.6709248977713287	1.0000921209855151	0.00016009153911328655
0.6712726969271898	1.0000735836128833	0.00016008060095811113
0.671620496083051	1.0001101343114351	0.00016007393009694222
0.6719682961702347	1.0002698451873586	0.00016007570204645905
0.6723160957917571	1.0000201227259853	0.00016004438531659398
0.6726638958789408	1.000063901820653	0.00016004422633941976
0.6737072947435081	1.000252190698382	0.00016005018716792107
0.6740550943650305	1.0002839304956754	0.00016004983645083698
0.674402893986553	1.0002880364627909	0.00016004900130850717
0.6747506875544786	0.9999802550653867	0.00016002855520745065
0.6750984820537269	0.9999411887544348	0.00016002794938208375
0.675446281209588	1.0000613567664616	0.00016003205476276632
0.6757940812967718	0.9998918017339066	0.00016001209362524093
0.6761418809182942	1.0000545908552916	0.00016002819246648233
0.6764896805398166	0.9999895271821225	0.00016002145322233747
0.676837480161339	0.9999497049735743	0.00016001911037832628
0.6771852802485228	0.9999029724280785	0.0001600098624844053
0.6775330794043839	1.000096425693348	0.00016002238178956736
0.6778808790259063	1.0000056690692185	0.0001600152348528055
0.67822867911309	1.0001226975753152	0.00016002266481699476
0.6785764787346125	1.0002953594496338	0.00016004220195155343
0.6789242783561349	0.999810912753809	0.0001599925469868633
0.6792720719240606	0.9997540740765001	0.0001599844074349395
0.6796198664233088	1.0001682065592268	0.00016001580334270202
0.67996766557917	0.9999930923735609	0.00016000066512754314
0.6803154652006924	0.999961725449536	0.00016000007922929518
0.6806632652878761	1.0000551227419148	0.00016001082130590255
0.6810110649093986	1.0000795458967298	0.00016000629217345573
0.681358864530921	0.9999281302422438	0.0001599958495907199
0.6817066641524434	1.0000611939660478	0.000160008031507984
0.6820544642396271	1.0002234210332062	0.00016002441688734662
0.6824022633954883	1.0000498272216416	0.0001600114709893962
0.682750063482672	0.999928803374571	0.00016000336075239696
0.6830978631041944	0.9998971486632428	0.0001600006796482669
0.6834456622600555	0.9999732328814966	0.0001600046055807385
0.6837934562936425	1.0002281624364953	0.0001600306327800646
0.6841412498615682	1.0001407508975801	0.0001600335144515108
0.6844890504144132	0.9999151160526872	0.00016000963860190106
0.6848368495702744	1.0000042396099404	0.00016002139933894268
0.6851846496574581	0.9998998007924813	0.00016002478921201647
0.6855324492789805	0.9998932970982161	0.00016002842598494702
0.6858802484348416	0.9999990093699521	0.00016003740916045907
0.6862280485220253	0.9998716002388605	0.0001600273815953052
0.6865758476778865	0.9999285020915835	0.00016003385606283059
0.6869236482307315	1.0001252369649527	0.00016005637230141924
0.6872714529745281	0.9998955293821404	0.00016004598558394718
0.6876192586496472	1.0003502304974614	0.00016008748244228802
0.6879670526832342	0.9998680934892534	0.00016005047600421387
0.6883148462511599	0.9999325172105122	0.00016005255654205912
0.6886626463383436	1.0000444454927442	0.0001600684797238275
0.6890104454942048	1.0003921999128564	0.00016009567614137937
0.6893582455813885	0.9998917539350539	0.0001600533102524666
0.6897060452029109	0.9998634853251835	0.00016009742440378688
0.6900538448244333	1.000081567459477	0.00016007055991054296
0.6904016444459558	1.0000263917592906	0.000160075825169544
0.6907494440674782	1.0000021146368967	0.00016008054256940935
0.6910972436890006	1.0001122598666714	0.00016008855831411121
0.691445043310523	1.0003483174072265	0.00016010993466556608
0.6917928433977067	1.0002551979520315	0.0001601075698200939
0.6921406430192292	0.9999320394439533	0.0001600875972541143
0.6924884361214936	1.0000467600313554	0.00016009648490783053
0.6928362306207418	0.9998404290336786	0.00016009519392690873
0.6931840302422643	1.000157750131403	0.0001601233656340367
0.6935318298637867	1.0000257051592996	0.00016011172038196114
0.6938796294853091	1.000124757284885	0.00016012189146945353
0.6942274295724928	1.0001832396699621	0.0001601301623530064
0.6945752291940153	0.9999893632874001	0.0001601079165907361
0.6949230283498764	1.0003478926854292	0.00016013938002647983
0.6952708284370601	0.9999571788565997	0.00016010143753594034
0.6956186280585825	1.0000336589240892	0.00016010459008107927
0.695966427680105	0.9999385064075168	0.00016009573900912204
0.6963142273016274	1.0001211005428956	0.00016010120433885723
0.6966620273888111	0.999989513145106	0.00016008022879611728
0.6970098153688014	0.999933916394548	0.00016007291017539898
0.6973576145246625	0.9997726915629384	0.00016004814443138396
0.6977054146118462	0.999445728139191	0.00016002194545391342
0.6980532142333686	0.9998324662096211	0.00016005226475150077
0.6984010138548911	0.9996848605686625	0.00016003654385126931
0.6987488134764135	0.9998209424824472	0.00016004213679284547
0.6990966130979359	0.9999967987163366	0.00016005182185948395
0.6994444127194583	0.9998743416722796	0.00016003379683532645
0.6997922123409808	0.999839047893917	0.00016003097943629918
0.7001400124281645	0.9997191842860029	0.00016001461638849967
0.7004878120496869	0.9995297233623182	0.0001599954895490324
0.7008356116712093	0.9995615122333265	0.0001600049267756675
0.7011834108270705	0.999794866280306	0.00016001950374074575
0.701531199272722	0.9998110960010664	0.00016002068899344084
0.7018789993599057	0.9997225906619295	0.0001600117502213801
0.7022267985157669	0.999545772244576	0.00015999921644606568
0.7025745986029506	0.9995778058238383	0.00015999616742899878
0.702922398224473	0.9996479495082967	0.00016000085227833315
0.7032701973803341	0.999534915959709	0.0001599987755843536
